lambda,x_opt,cov_matrix,solution_covariance,objective_covariance,sensitivity_norm,P_matrix,P_flattened
0.0,"[1.0, 0.8, 0.2, 0.5, 1.312037280884873, 2.467983561008608, 0.3]",[[157.2283950617284]],"[[0.0, 0.0, 0.0, 0.0, 0.0, 0.0, 0.0], [0.0, 1.3446492702630882e-32, 3.3616231756577205e-33, 0.0, -8.964328468420589e-33, 1.7928656936841178e-32, 6.723246351315441e-33], [0.0, 3.3616231756577205e-33, 8.404057939144301e-34, 0.0, -2.2410821171051472e-33, 4.4821642342102945e-33, 1.6808115878288603e-33], [0.0, 0.0, 0.0, 0.0, 0.0, 0.0, 0.0], [0.0, -8.964328468420589e-33, -2.2410821171051472e-33, 0.0, 0.16906641443972745, -0.27160767547432557, -4.4821642342102945e-33], [0.0, 1.7928656936841178e-32, 4.4821642342102945e-33, 0.0, -0.27160767547432557, 0.43634171589334847, 8.964328468420589e-33], [0.0, 6.723246351315441e-33, 1.6808115878288603e-33, 0.0, -4.4821642342102945e-33, 8.964328468420589e-33, 3.3616231756577205e-33]]",0.00022590134022058473,157.2283950617284,[[12.539074729090995]],[12.539074729090995]
0.0005187441657055203,"[1.0, 0.8, 0.2, 0.5, 1.0, 5.0, 0.3]",[[149.07226379957694]],"[[0.0, 0.0, 0.0, 0.0, 0.0, 0.0, 0.0], [0.0, 0.0, 0.0, 0.0, 0.0, 0.0, 0.0], [0.0, 0.0, 0.0, 0.0, 0.0, 0.0, 0.0], [0.0, 0.0, 0.0, 0.0, 0.0, 0.0, 0.0], [0.0, 0.0, 0.0, 0.0, 4.154983007869524e-05, -0.004974769826430587, -7.19013845904568e-33], [0.0, 0.0, 0.0, 0.0, -0.004974769826430587, 0.5956302295121537, -2.670622856216967e-32], [0.0, 0.0, 0.0, 0.0, -7.19013845904568e-33, -2.670622856216967e-32, 3.3382785702712086e-33]]",0.0002490546919835978,149.07226379957694,[[12.209515297487323]],[12.209515297487323]
0.0005681292589444498,"[1.0, 0.8, 0.2, 0.5, 1.0, 5.0, 0.3]",[[148.2957899045839]],"[[0.0, 0.0, 0.0, 0.0, 0.0, 0.0, 0.0], [0.0, 0.0, 0.0, 0.0, 0.0, 0.0, 0.0], [0.0, 0.0, 0.0, 0.0, 0.0, 0.0, 0.0], [0.0, 0.0, 0.0, 0.0, 0.0, 0.0, 0.0], [0.0, 0.0, 0.0, 0.0, 0.031284937792691106, -0.061487518321900914, -5.1358131850326285e-33], [0.0, 0.0, 0.0, 0.0, -0.061487518321900914, 0.12084776816367424, -1.6434602192104412e-32], [0.0, 0.0, 0.0, 0.0, -5.1358131850326285e-33, -1.6434602192104412e-32, 3.3382785702712086e-33]]",0.0002493259680933897,148.2957899045839,[[12.177675882720147]],[12.177675882720147]
0.0006423036998737253,"[1.0, 0.8, 0.2, 0.5, 1.0, 5.0, 0.3]",[[147.1295570743928]],"[[0.0, 0.0, 0.0, 0.0, 0.0, 0.0, 0.0], [0.0, 0.0, 0.0, 0.0, 0.0, 0.0, 0.0], [0.0, 0.0, 0.0, 0.0, 0.0, 0.0, 0.0], [0.0, 0.0, 0.0, 0.0, 0.0, 0.0, 0.0], [0.0, 0.0, 0.0, 0.0, 0.2477739991036026, -0.15629468212629344, -2.0543252740130515e-33], [0.0, 0.0, 0.0, 0.0, -0.15629468212629344, 0.098589955965254, 4.108650548026103e-33], [0.0, 0.0, 0.0, 0.0, -2.0543252740130515e-33, 4.108650548026103e-33, 3.3382785702712086e-33]]",0.0002497351568002266,147.1295570743928,[[12.12969731998259]],[12.12969731998259]
0.0008246168346853766,"[1.0, 0.8, 0.2, 0.5, 1.0, 5.0, 0.3]",[[144.26307691588195]],"[[0.0, 0.0, 0.0, 0.0, 0.0, 0.0, 0.0], [0.0, 0.0, 0.0, 0.0, 0.0, 0.0, 0.0], [0.0, 0.0, 0.0, 0.0, 0.0, 0.0, 0.0], [0.0, 0.0, 0.0, 0.0, 0.0, 0.0, 0.0], [0.0, 0.0, 0.0, 0.0, 0.27479091773427045, -0.1384647171208905, 6.162975822039155e-33], [0.0, 0.0, 0.0, 0.0, -0.1384647171208905, 0.06977114835326714, -4.108650548026103e-33], [0.0, 0.0, 0.0, 0.0, 6.162975822039155e-33, -4.108650548026103e-33, 3.3382785702712086e-33]]",0.00025074979256012986,144.26307691588195,[[12.010956536258133]],[12.010956536258133]
0.0009899939263861013,"[1.0, 0.8, 0.2, 0.5, 1.0, 5.0, 0.3]",[[141.6628794450738]],"[[0.0, 0.0, 0.0, 0.0, 0.0, 0.0, 0.0], [0.0, 0.0, 0.0, 0.0, 0.0, 0.0, 0.0], [0.0, 0.0, 0.0, 0.0, 0.0, 0.0, 0.0], [0.0, 0.0, 0.0, 0.0, 0.0, 0.0, 0.0], [0.0, 0.0, 0.0, 0.0, 0.008237003771267098, -0.023275464329597033, 4.108650548026103e-33], [0.0, 0.0, 0.0, 0.0, -0.023275464329597033, 0.06576993950738536, -8.217301096052206e-33], [0.0, 0.0, 0.0, 0.0, 4.108650548026103e-33, -8.217301096052206e-33, 3.3382785702712086e-33]]",0.00025168110755806637,141.6628794450738,[[11.902221618045674]],[11.902221618045674]
0.0009924640506289162,"[1.0, 0.8, 0.2, 0.5, 1.0, 5.0, 0.3]",[[141.62404207804374]],"[[0.0, 0.0, 0.0, 0.0, 0.0, 0.0, 0.0], [0.0, 0.0, 0.0, 0.0, 0.0, 0.0, 0.0], [0.0, 0.0, 0.0, 0.0, 0.0, 0.0, 0.0], [0.0, 0.0, 0.0, 0.0, 0.0, 0.0, 0.0], [0.0, 0.0, 0.0, 0.0, 0.08720228297279828, -0.17116668661534384, -6.162975822039155e-33], [0.0, 0.0, 0.0, 0.0, -0.17116668661534384, 0.33597783920421553, -8.217301096052206e-33], [0.0, 0.0, 0.0, 0.0, -6.162975822039155e-33, -8.217301096052206e-33, 3.3382785702712086e-33]]",0.00025169509681261394,141.62404207804374,[[11.90058998865366]],[11.90058998865366]
0.0010674650227472382,"[1.0, 0.8, 0.2, 0.5, 1.0, 5.0, 0.3]",[[140.4448138306204]],"[[0.0, 0.0, 0.0, 0.0, 0.0, 0.0, 0.0], [0.0, 0.0, 0.0, 0.0, 0.0, 0.0, 0.0], [0.0, 0.0, 0.0, 0.0, 0.0, 0.0, 0.0], [0.0, 0.0, 0.0, 0.0, 0.0, 0.0, 0.0], [0.0, 0.0, 0.0, 0.0, 0.059210110023404955, -0.044136751876925825, 5.1358131850326285e-33], [0.0, 0.0, 0.0, 0.0, -0.044136751876925825, 0.03290067972302835, -1.6434602192104412e-32], [0.0, 0.0, 0.0, 0.0, 5.1358131850326285e-33, -1.6434602192104412e-32, 3.3382785702712086e-33]]",0.0002521209607940098,140.4448138306204,[[11.850941474440772]],[11.850941474440772]
0.001233062511908134,"[1.0, 0.8, 0.2, 0.5, 1.0, 5.0, 0.3]",[[137.84115108591845]],"[[0.0, 0.0, 0.0, 0.0, 0.0, 0.0, 0.0], [0.0, 0.0, 0.0, 0.0, 0.0, 0.0, 0.0], [0.0, 0.0, 0.0, 0.0, 0.0, 0.0, 0.0], [0.0, 0.0, 0.0, 0.0, 0.0, 0.0, 0.0], [0.0, 0.0, 0.0, 0.0, 0.005642543041841072, -0.044294854897907715, -6.162975822039155e-33], [0.0, 0.0, 0.0, 0.0, -0.044294854897907715, 0.3477216134423174, 2.0543252740130514e-32], [0.0, 0.0, 0.0, 0.0, -6.162975822039155e-33, 2.0543252740130514e-32, 3.3382785702712086e-33]]",0.0002530688184606554,137.84115108591845,[[11.740577118946003]],[11.740577118946003]
0.0016607076748005323,"[1.0, 0.8, 0.2, 0.5, 1.0, 5.0, 0.3]",[[131.11735482417015]],"[[0.0, 0.0, 0.0, 0.0, 0.0, 0.0, 0.0], [0.0, 0.0, 0.0, 0.0, 0.0, 0.0, 0.0], [0.0, 0.0, 0.0, 0.0, 0.0, 0.0, 0.0], [0.0, 0.0, 0.0, 0.0, 0.0, 0.0, 0.0], [0.0, 0.0, 0.0, 0.0, 9.732554396904259e-05, -0.003594188824343588, -2.844450379402687e-33], [0.0, 0.0, 0.0, 0.0, -0.003594188824343588, 0.13273178631444765, -7.585201011740499e-33], [0.0, 0.0, 0.0, 0.0, -2.844450379402687e-33, -7.585201011740499e-33, 3.3185254426364685e-33]]",0.0002702735591971707,131.11735482417015,[[11.450648663904161]],[11.450648663904161]
0.001929707873339459,"[1.0, 0.8, 0.2, 0.5, 1.0, 5.0, 0.3]",[[126.88790787541394]],"[[0.0, 0.0, 0.0, 0.0, 0.0, 0.0, 0.0], [0.0, 0.0, 0.0, 0.0, 0.0, 0.0, 0.0], [0.0, 0.0, 0.0, 0.0, 0.0, 0.0, 0.0], [0.0, 0.0, 0.0, 0.0, 0.0, 0.0, 0.0], [0.0, 0.0, 0.0, 0.0, 0.04942473210479176, -0.12381571102737347, 2.844450379402687e-33], [0.0, 0.0, 0.0, 0.0, -0.12381571102737347, 0.3101752835950678, 1.8963002529351246e-32], [0.0, 0.0, 0.0, 0.0, 2.844450379402687e-33, 1.8963002529351246e-32, 3.3185254426364685e-33]]",0.00027165387328033336,126.88790787541394,[[11.264453287905896]],[11.264453287905896]
0.002308772586742003,"[1.0, 0.8, 0.2, 0.5, 1.0, 5.0, 0.3]",[[120.92793422413237]],"[[0.0, 0.0, 0.0, 0.0, 0.0, 0.0, 0.0], [0.0, 0.0, 0.0, 0.0, 0.0, 0.0, 0.0], [0.0, 0.0, 0.0, 0.0, 0.0, 0.0, 0.0], [0.0, 0.0, 0.0, 0.0, 0.0, 0.0, 0.0], [0.0, 0.0, 0.0, 0.0, 0.19243088140585543, -0.19303551072771025, 3.792600505870249e-33], [0.0, 0.0, 0.0, 0.0, -0.19303551072771025, 0.19364203983100473, 2.465190328815662e-32], [0.0, 0.0, 0.0, 0.0, 3.792600505870249e-33, 2.465190328815662e-32, 3.3185254426364685e-33]]",0.00027364233632093973,120.92793422413237,[[10.99672379502788]],[10.99672379502788]
0.0024779308570230807,"[1.0, 0.8, 0.2, 0.5, 1.0, 5.0, 0.3]",[[118.2682858893612]],"[[0.0, 0.0, 0.0, 0.0, 0.0, 0.0, 0.0], [0.0, 0.0, 0.0, 0.0, 0.0, 0.0, 0.0], [0.0, 0.0, 0.0, 0.0, 0.0, 0.0, 0.0], [0.0, 0.0, 0.0, 0.0, 0.0, 0.0, 0.0], [0.0, 0.0, 0.0, 0.0, 0.21949343712832434, -0.05554180501130355, 5.688900758805374e-33], [0.0, 0.0, 0.0, 0.0, -0.05554180501130355, 0.014054598371021524, -5.30964070821835e-32], [0.0, 0.0, 0.0, 0.0, 5.688900758805374e-33, -5.30964070821835e-32, 3.3185254426364685e-33]]",0.0002745460664367783,118.2682858893612,[[10.875122339052615]],[10.875122339052615]
0.0027072736757871585,"[1.0, 0.8, 0.2, 0.5, 1.0, 5.0, 0.3]",[[114.66236555804032]],"[[0.0, 0.0, 0.0, 0.0, 0.0, 0.0, 0.0], [0.0, 0.0, 0.0, 0.0, 0.0, 0.0, 0.0], [0.0, 0.0, 0.0, 0.0, 0.0, 0.0, 0.0], [0.0, 0.0, 0.0, 0.0, 0.0, 0.0, 0.0], [0.0, 0.0, 0.0, 0.0, 0.16537690964196528, -0.1784431758555212, -7.585201011740499e-33], [0.0, 0.0, 0.0, 0.0, -0.1784431758555212, 0.19254179485117373, 2.2755603035221496e-32], [0.0, 0.0, 0.0, 0.0, -7.585201011740499e-33, 2.2755603035221496e-32, 3.3185254426364685e-33]]",0.00027578747119286657,114.66236555804032,[[10.708051436094259]],[10.708051436094259]
0.0036162447849409363,"[1.0, 0.8, 0.2, 0.5, 1.0, 5.0, 0.3]",[[100.3707586930675]],"[[0.0, 0.0, 0.0, 0.0, 0.0, 0.0, 0.0], [0.0, 0.0, 0.0, 0.0, 0.0, 0.0, 0.0], [0.0, 0.0, 0.0, 0.0, 0.0, 0.0, 0.0], [0.0, 0.0, 0.0, 0.0, 0.0, 0.0, 0.0], [0.0, 0.0, 0.0, 0.0, 0.28418525782900755, -0.3068134423582267, 1.8963002529351246e-33], [0.0, 0.0, 0.0, 0.0, -0.3068134423582267, 0.33124339077555204, -2.2755603035221496e-32], [0.0, 0.0, 0.0, 0.0, 1.8963002529351246e-33, -2.2755603035221496e-32, 3.3185254426364685e-33]]",0.00028089032430084725,100.3707586930675,[[10.018520783681966]],[10.018520783681966]
0.0038941463811326127,"[1.0, 0.8, 0.2, 0.5, 1.0, 5.0, 0.3]",[[96.00135649763655]],"[[0.0, 0.0, 0.0, 0.0, 0.0, 0.0, 0.0], [0.0, 0.0, 0.0, 0.0, 0.0, 0.0, 0.0], [0.0, 0.0, 0.0, 0.0, 0.0, 0.0, 0.0], [0.0, 0.0, 0.0, 0.0, 0.0, 0.0, 0.0], [0.0, 0.0, 0.0, 0.0, 0.1805562815996642, -0.01135439772479411, 1.8963002529351246e-33], [0.0, 0.0, 0.0, 0.0, -0.01135439772479411, 0.0007140285929163111, -1.8963002529351246e-32], [0.0, 0.0, 0.0, 0.0, 1.8963002529351246e-33, -1.8963002529351246e-32, 3.3185254426364685e-33]]",0.00028250867105623526,96.00135649763655,[[9.798028194368321]],[9.798028194368321]
0.004003162442779096,"[1.0, 0.8, 0.2, 0.5, 1.0, 5.0, 0.3]",[[94.28731445677386]],"[[0.0, 0.0, 0.0, 0.0, 0.0, 0.0, 0.0], [0.0, 0.0, 0.0, 0.0, 0.0, 0.0, 0.0], [0.0, 0.0, 0.0, 0.0, 0.0, 0.0, 0.0], [0.0, 0.0, 0.0, 0.0, 0.0, 0.0, 0.0], [0.0, 0.0, 0.0, 0.0, 0.037401306161362474, -0.0009034136131106445, -4.7407506323378116e-33], [0.0, 0.0, 0.0, 0.0, -0.0009034136131106445, 2.1821595022174964e-05, 2.654820354109175e-32], [0.0, 0.0, 0.0, 0.0, -4.7407506323378116e-33, 2.654820354109175e-32, 3.3185254426364685e-33]]",0.0002831509689735608,94.28731445677386,[[9.71016552159508]],[9.71016552159508]
0.004007604733339498,"[1.0, 0.8, 0.2, 0.5, 1.0, 5.0, 0.3]",[[94.21746903525283]],"[[0.0, 0.0, 0.0, 0.0, 0.0, 0.0, 0.0], [0.0, 0.0, 0.0, 0.0, 0.0, 0.0, 0.0], [0.0, 0.0, 0.0, 0.0, 0.0, 0.0, 0.0], [0.0, 0.0, 0.0, 0.0, 0.0, 0.0, 0.0], [0.0, 0.0, 0.0, 0.0, 0.22610910492126432, -0.11576397558096901, -5.688900758805374e-33], [0.0, 0.0, 0.0, 0.0, -0.11576397558096901, 0.059269165861223314, 0.0], [0.0, 0.0, 0.0, 0.0, -5.688900758805374e-33, 0.0, 3.3185254426364685e-33]]",0.0002831772309397227,94.21746903525283,[[9.706568344953475]],[9.706568344953475]
0.004305775667678646,"[1.0, 0.8, 0.2, 0.5, 1.0, 5.0, 0.3]",[[89.5293752892328]],"[[0.0, 0.0, 0.0, 0.0, 0.0, 0.0, 0.0], [0.0, 0.0, 0.0, 0.0, 0.0, 0.0, 0.0], [0.0, 0.0, 0.0, 0.0, 0.0, 0.0, 0.0], [0.0, 0.0, 0.0, 0.0, 0.0, 0.0, 0.0], [0.0, 0.0, 0.0, 0.0, 0.00010349333623380132, -0.007299530527059706, -9.481501264675623e-34], [0.0, 0.0, 0.0, 0.0, -0.007299530527059706, 0.5148461519793389, -2.465190328815662e-32], [0.0, 0.0, 0.0, 0.0, -9.481501264675623e-34, -2.465190328815662e-32, 3.3185254426364685e-33]]",0.0002849558926904766,89.5293752892328,[[9.461996369119616]],[9.461996369119616]
0.004363621514715366,"[1.0, 0.8, 0.2, 0.5, 1.0, 5.0, 0.3]",[[88.6198743201759]],"[[0.0, 0.0, 0.0, 0.0, 0.0, 0.0, 0.0], [0.0, 0.0, 0.0, 0.0, 0.0, 0.0, 0.0], [0.0, 0.0, 0.0, 0.0, 0.0, 0.0, 0.0], [0.0, 0.0, 0.0, 0.0, 0.0, 0.0, 0.0], [0.0, 0.0, 0.0, 0.0, 0.1685068787693173, -0.3022967798542257, -5.688900758805374e-33], [0.0, 0.0, 0.0, 0.0, -0.3022967798542257, 0.542312241361589, 7.585201011740499e-33], [0.0, 0.0, 0.0, 0.0, -5.688900758805374e-33, 7.585201011740499e-33, 3.3185254426364685e-33]]",0.0002853045936022345,88.6198743201759,[[9.413812953324275]],[9.413812953324275]
0.0045001249396591225,"[1.0, 0.8, 0.2, 0.5, 1.0, 5.0, 0.3]",[[86.47365287774225]],"[[0.0, 0.0, 0.0, 0.0, 0.0, 0.0, 0.0], [0.0, 0.0, 0.0, 0.0, 0.0, 0.0, 0.0], [0.0, 0.0, 0.0, 0.0, 0.0, 0.0, 0.0], [0.0, 0.0, 0.0, 0.0, 0.0, 0.0, 0.0], [0.0, 0.0, 0.0, 0.0, 0.007285925825822318, -0.004866663819631993, 3.792600505870249e-33], [0.0, 0.0, 0.0, 0.0, -0.004866663819631993, 0.0032507079126957647, 3.7926005058702493e-32], [0.0, 0.0, 0.0, 0.0, 3.792600505870249e-33, 3.7926005058702493e-32, 3.3185254426364685e-33]]",0.00028613213521983325,86.47365287774225,[[9.29912108092707]],[9.29912108092707]
0.0046187988433276095,"[1.0, 0.8, 0.2, 0.5, 1.0, 5.0, 0.3]",[[84.6077621367916]],"[[0.0, 0.0, 0.0, 0.0, 0.0, 0.0, 0.0], [0.0, 0.0, 0.0, 0.0, 0.0, 0.0, 0.0], [0.0, 0.0, 0.0, 0.0, 0.0, 0.0, 0.0], [0.0, 0.0, 0.0, 0.0, 0.0, 0.0, 0.0], [0.0, 0.0, 0.0, 0.0, 0.26138745410304326, -0.35841766182353, 1.8963002529351246e-33], [0.0, 0.0, 0.0, 0.0, -0.35841766182353, 0.49146666487062557, -2.0859302782286372e-32], [0.0, 0.0, 0.0, 0.0, 1.8963002529351246e-33, -2.0859302782286372e-32, 3.3185254426364685e-33]]",0.0002868569339818675,84.6077621367916,[[9.198247775353282]],[9.198247775353282]
0.004741392911873921,"[1.0, 0.8, 0.2, 0.5, 1.0, 5.0, 0.3]",[[82.68023527262923]],"[[0.0, 0.0, 0.0, 0.0, 0.0, 0.0, 0.0], [0.0, 0.0, 0.0, 0.0, 0.0, 0.0, 0.0], [0.0, 0.0, 0.0, 0.0, 0.0, 0.0, 0.0], [0.0, 0.0, 0.0, 0.0, 0.0, 0.0, 0.0], [0.0, 0.0, 0.0, 0.0, 0.02174861633682149, -0.09538444876605415, 6.637050885272937e-33], [0.0, 0.0, 0.0, 0.0, -0.09538444876605415, 0.41833434024031774, 1.1377801517610748e-32], [0.0, 0.0, 0.0, 0.0, 6.637050885272937e-33, 1.1377801517610748e-32, 3.3185254426364685e-33]]",0.0002876108978773287,82.68023527262923,[[9.092867274552578]],[9.092867274552578]
0.004857337777279036,"[1.0, 0.8, 0.2, 0.5, 1.0, 5.0, 0.3]",[[80.85725276229978]],"[[0.0, 0.0, 0.0, 0.0, 0.0, 0.0, 0.0], [0.0, 0.0, 0.0, 0.0, 0.0, 0.0, 0.0], [0.0, 0.0, 0.0, 0.0, 0.0, 0.0, 0.0], [0.0, 0.0, 0.0, 0.0, 0.0, 0.0, 0.0], [0.0, 0.0, 0.0, 0.0, 0.1151144582997724, -0.09102600276168427, 3.792600505870249e-33], [0.0, 0.0, 0.0, 0.0, -0.09102600276168427, 0.07197821456270125, -4.930380657631324e-32], [0.0, 0.0, 0.0, 0.0, 3.792600505870249e-33, -4.930380657631324e-32, 3.3185254426364685e-33]]",0.0002883288522629553,80.85725276229978,[[8.992066100863571]],[8.992066100863571]
0.004984965294472898,"[1.0, 0.8, 0.2, 0.5, 1.0, 5.0, 0.3]",[[78.85058579288936]],"[[0.0, 0.0, 0.0, 0.0, 0.0, 0.0, 0.0], [0.0, 0.0, 0.0, 0.0, 0.0, 0.0, 0.0], [0.0, 0.0, 0.0, 0.0, 0.0, 0.0, 0.0], [0.0, 0.0, 0.0, 0.0, 0.0, 0.0, 0.0], [0.0, 0.0, 0.0, 0.0, 0.16525941631509414, -0.1548718840656243, 0.0], [0.0, 0.0, 0.0, 0.0, -0.1548718840656243, 0.14513726968697666, -7.585201011740499e-33], [0.0, 0.0, 0.0, 0.0, 0.0, -7.585201011740499e-33, 3.3185254426364685e-33]]",0.0002891246371895259,78.85058579288936,[[8.879785233489004]],[8.879785233489004]
0.0054298341287004614,"[1.0, 0.8, 0.2, 0.5, 1.0, 5.0, 0.3]",[[71.85598451103122]],"[[0.0, 0.0, 0.0, 0.0, 0.0, 0.0, 0.0], [0.0, 0.0, 0.0, 0.0, 0.0, 0.0, 0.0], [0.0, 0.0, 0.0, 0.0, 0.0, 0.0, 0.0], [0.0, 0.0, 0.0, 0.0, 0.0, 0.0, 0.0], [0.0, 0.0, 0.0, 0.0, 0.0005488729576238767, -0.018227871127011595, 0.0], [0.0, 0.0, 0.0, 0.0, -0.018227871127011595, 0.6053409649863388, 5.30964070821835e-32], [0.0, 0.0, 0.0, 0.0, 0.0, 5.30964070821835e-32, 3.3185254426364685e-33]]",0.00029194346135857105,71.85598451103122,[[8.476790932365338]],[8.476790932365338]
0.0054731088346274825,"[1.0, 0.8, 0.2, 0.5, 1.0, 5.0, 0.3]",[[71.17558325506383]],"[[0.0, 0.0, 0.0, 0.0, 0.0, 0.0, 0.0], [0.0, 0.0, 0.0, 0.0, 0.0, 0.0, 0.0], [0.0, 0.0, 0.0, 0.0, 0.0, 0.0, 0.0], [0.0, 0.0, 0.0, 0.0, 0.0, 0.0, 0.0], [0.0, 0.0, 0.0, 0.0, 0.055180038865930314, -0.13260368501878683, -9.481501264675623e-34], [0.0, 0.0, 0.0, 0.0, -0.13260368501878683, 0.3186611978161956, 1.1377801517610748e-32], [0.0, 0.0, 0.0, 0.0, -9.481501264675623e-34, 1.1377801517610748e-32, 3.3185254426364685e-33]]",0.0002922213931084923,71.17558325506383,[[8.43656228893403]],[8.43656228893403]
0.006715784163385141,"[1.0, 0.8, 0.2, 0.5, 1.0, 5.0, 0.3]",[[51.637198502726555]],"[[0.0, 0.0, 0.0, 0.0, 0.0, 0.0, 0.0], [0.0, 0.0, 0.0, 0.0, 0.0, 0.0, 0.0], [0.0, 0.0, 0.0, 0.0, 0.0, 0.0, 0.0], [0.0, 0.0, 0.0, 0.0, 0.0, 0.0, 0.0], [0.0, 0.0, 0.0, 0.0, 5.001749545240005e-05, -0.004570581815906865, -9.481501264675623e-34], [0.0, 0.0, 0.0, 0.0, -0.004570581815906865, 0.4176582203277052, 1.8963002529351246e-33], [0.0, 0.0, 0.0, 0.0, -9.481501264675623e-34, 1.8963002529351246e-33, 3.3185254426364685e-33]]",0.00030048464716069586,51.637198502726555,[[7.185902761847433]],[7.185902761847433]
0.007085354169948044,"[1.0, 0.8, 0.2, 0.5, 1.0, 5.0, 0.3]",[[45.82650860324285]],"[[0.0, 0.0, 0.0, 0.0, 0.0, 0.0, 0.0], [0.0, 0.0, 0.0, 0.0, 0.0, 0.0, 0.0], [0.0, 0.0, 0.0, 0.0, 0.0, 0.0, 0.0], [0.0, 0.0, 0.0, 0.0, 0.0, 0.0, 0.0], [0.0, 0.0, 0.0, 0.0, 0.006316076085323093, -0.028978643389782555, -3.792600505870249e-33], [0.0, 0.0, 0.0, 0.0, -0.028978643389782555, 0.13295624710151532, -2.2755603035221496e-32], [0.0, 0.0, 0.0, 0.0, -3.792600505870249e-33, -2.2755603035221496e-32, 3.3185254426364685e-33]]",0.00030304733918719176,45.82650860324285,[[6.7695279453772]],[6.7695279453772]
0.0073144562930156365,"[1.0, 0.8, 0.2, 0.5, 1.0, 5.0, 0.3]",[[42.22437269172764]],"[[0.0, 0.0, 0.0, 0.0, 0.0, 0.0, 0.0], [0.0, 0.0, 0.0, 0.0, 0.0, 0.0, 0.0], [0.0, 0.0, 0.0, 0.0, 0.0, 0.0, 0.0], [0.0, 0.0, 0.0, 0.0, 0.0, 0.0, 0.0], [0.0, 0.0, 0.0, 0.0, 0.1574856531932929, -0.26929684424435574, 5.688900758805374e-33], [0.0, 0.0, 0.0, 0.0, -0.26929684424435574, 0.4604914088965235, -1.706670227641612e-32], [0.0, 0.0, 0.0, 0.0, 5.688900758805374e-33, -1.706670227641612e-32, 3.3185254426364685e-33]]",0.00030466021010314896,42.22437269172764,[[6.498028369569314]],[6.498028369569314]
0.007362269751005512,"[1.0, 0.8, 0.2, 0.5, 1.0, 5.0, 0.3]",[[41.47260936551767]],"[[0.0, 0.0, 0.0, 0.0, 0.0, 0.0, 0.0], [0.0, 0.0, 0.0, 0.0, 0.0, 0.0, 0.0], [0.0, 0.0, 0.0, 0.0, 0.0, 0.0, 0.0], [0.0, 0.0, 0.0, 0.0, 0.0, 0.0, 0.0], [0.0, 0.0, 0.0, 0.0, 0.02191890979372832, -0.0005602125703973911, -1.8963002529351246e-33], [0.0, 0.0, 0.0, 0.0, -0.0005602125703973911, 1.431814478843516e-05, -4.930380657631324e-32], [0.0, 0.0, 0.0, 0.0, -1.8963002529351246e-33, -4.930380657631324e-32, 3.3185254426364685e-33]]",0.0003049991531012885,41.47260936551767,[[6.439923086925625]],[6.439923086925625]
0.007482996106766615,"[1.0, 0.8, 0.2, 0.5, 1.0, 5.0, 0.3]",[[39.57444824972082]],"[[0.0, 0.0, 0.0, 0.0, 0.0, 0.0, 0.0], [0.0, 0.0, 0.0, 0.0, 0.0, 0.0, 0.0], [0.0, 0.0, 0.0, 0.0, 0.0, 0.0, 0.0], [0.0, 0.0, 0.0, 0.0, 0.0, 0.0, 0.0], [0.0, 0.0, 0.0, 0.0, 0.006447779420253955, -0.006039629812647859, -4.7407506323378116e-33], [0.0, 0.0, 0.0, 0.0, -0.006039629812647859, 0.0056573164024876195, 2.654820354109175e-32], [0.0, 0.0, 0.0, 0.0, -4.7407506323378116e-33, 2.654820354109175e-32, 3.3185254426364685e-33]]",0.00030585855840400847,39.57444824972082,[[6.290822541585545]],[6.290822541585545]
0.007507032799999869,"[1.0, 0.8, 0.2, 0.5, 1.0, 5.0, 0.3]",[[39.196523179755175]],"[[0.0, 0.0, 0.0, 0.0, 0.0, 0.0, 0.0], [0.0, 0.0, 0.0, 0.0, 0.0, 0.0, 0.0], [0.0, 0.0, 0.0, 0.0, 0.0, 0.0, 0.0], [0.0, 0.0, 0.0, 0.0, 0.0, 0.0, 0.0], [0.0, 0.0, 0.0, 0.0, 0.21913736111750318, -0.26408244686424126, -1.8963002529351246e-33], [0.0, 0.0, 0.0, 0.0, -0.26408244686424126, 0.3182457723601496, 2.0859302782286372e-32], [0.0, 0.0, 0.0, 0.0, -1.8963002529351246e-33, 2.0859302782286372e-32, 3.3185254426364685e-33]]",0.000306030280960831,39.196523179755175,[[6.260712673470583]],[6.260712673470583]
0.008617257133752054,"[1.0, 0.8, 0.2, 0.5, 1.0, 5.0, 0.3]",[[21.740644164321914]],"[[0.0, 0.0, 0.0, 0.0, 0.0, 0.0, 0.0], [0.0, 1.3206376761512474e-32, 3.3015941903781185e-33, 0.0, -1.7608502348683298e-33, 3.5217004697366594e-32, -6.603188380756237e-33], [0.0, 3.3015941903781185e-33, 8.253985475945296e-34, 0.0, -4.4021255871708246e-34, 8.804251174341648e-33, -1.6507970951890593e-33], [0.0, 0.0, 0.0, 0.0, 0.0, 0.0, 0.0], [0.0, -1.7608502348683298e-33, -4.4021255871708246e-34, 0.0, 0.005902775920556661, -0.03366924739740043, 8.804251174341649e-34], [0.0, 3.5217004697366594e-32, 8.804251174341648e-33, 0.0, -0.03366924739740043, 0.19204832363015556, -1.7608502348683297e-32], [0.0, -6.603188380756237e-33, -1.6507970951890593e-33, 0.0, 8.804251174341649e-34, -1.7608502348683297e-32, 3.3015941903781185e-33]]",0.0003519632320070365,21.740644164321914,[[4.662686367784339]],[4.662686367784339]
0.009259781821123414,"[1.0, 0.8, 0.2, 0.5, 1.0, 5.0, 0.3]",[[11.6383316260281]],"[[0.0, 0.0, 0.0, 0.0, 0.0, 0.0, 0.0], [0.0, 1.3206376761512474e-32, 3.3015941903781185e-33, 0.0, 1.5847652113814968e-32, -7.043400939473319e-33, -6.603188380756237e-33], [0.0, 3.3015941903781185e-33, 8.253985475945296e-34, 0.0, 3.961913028453742e-33, -1.7608502348683298e-33, -1.6507970951890593e-33], [0.0, 0.0, 0.0, 0.0, 0.0, 0.0, 0.0], [0.0, 1.5847652113814968e-32, 3.961913028453742e-33, 0.0, 0.0010886974860350937, -0.0012969700261333042, -7.923826056907484e-33], [0.0, -7.043400939473319e-33, -1.7608502348683298e-33, 0.0, -0.0012969700261333042, 0.0015450860043907558, 3.5217004697366597e-33], [0.0, -6.603188380756237e-33, -1.6507970951890593e-33, 0.0, -7.923826056907484e-33, 3.5217004697366597e-33, 3.3015941903781185e-33]]",0.00035624099591790247,11.6383316260281,[[3.4114999085487456]],[3.4114999085487456]
0.010129337341458822,"[1.0, 0.8, 0.2, 0.5, 1.0, 5.0, 0.3]",[[8.673617379884035e-14]],"[[0.0, 0.0, 0.0, 0.0, 0.0, 0.0, 0.0], [0.0, 1.3206376761512474e-32, 3.3015941903781185e-33, 0.0, 1.7608502348683297e-32, 2.8173603757893277e-32, -6.603188380756237e-33], [0.0, 3.3015941903781185e-33, 8.253985475945296e-34, 0.0, 4.402125587170824e-33, 7.043400939473319e-33, -1.6507970951890593e-33], [0.0, 0.0, 0.0, 0.0, 0.0, 0.0, 0.0], [0.0, 1.7608502348683297e-32, 4.402125587170824e-33, 0.0, 0.023045306599712045, -0.09859885166433584, -8.804251174341648e-33], [0.0, 2.8173603757893277e-32, 7.043400939473319e-33, 0.0, -0.09859885166433584, 0.4218530791708871, -1.4086801878946639e-32], [0.0, -6.603188380756237e-33, -1.6507970951890593e-33, 0.0, -8.804251174341648e-33, -1.4086801878946639e-32, 3.3015941903781185e-33]]",0.00036224696463698855,8.673617379884035e-14,[[2.9451005721170265e-07]],[2.9451005721170265e-07]
0.010727644975676243,"[1.0, 0.8, 0.2, 0.5, 1.0, 5.0, 0.3]",[[1.734723475976807e-14]],"[[0.0, 0.0, 0.0, 0.0, 0.0, 0.0, 0.0], [0.0, 1.3206376761512474e-32, 3.3015941903781185e-33, 0.0, 1.4086801878946639e-32, -5.634720751578655e-32, -6.603188380756237e-33], [0.0, 3.3015941903781185e-33, 8.253985475945296e-34, 0.0, 3.5217004697366597e-33, -1.4086801878946639e-32, -1.6507970951890593e-33], [0.0, 0.0, 0.0, 0.0, 0.0, 0.0, 0.0], [0.0, 1.4086801878946639e-32, 3.5217004697366597e-33, 0.0, 0.017903893760926944, -0.028157648255149107, -7.043400939473319e-33], [0.0, -5.634720751578655e-32, -1.4086801878946639e-32, 0.0, -0.028157648255149107, 0.044283839361860235, 2.8173603757893277e-32], [0.0, -6.603188380756237e-33, -1.6507970951890593e-33, 0.0, -7.043400939473319e-33, 2.8173603757893277e-32, 3.3015941903781185e-33]]",0.00036652417761332234,1.734723475976807e-14,[[1.3170890159654385e-07]],[1.3170890159654385e-07]
0.010934721110663737,"[1.0, 0.8, 0.2, 0.5, 1.0, 5.0, 0.3]",[[1.734723475976807e-14]],"[[0.0, 0.0, 0.0, 0.0, 0.0, 0.0, 0.0], [0.0, 1.3206376761512474e-32, 3.3015941903781185e-33, 0.0, 3.5217004697366597e-33, 6.339060845525987e-32, -6.603188380756237e-33], [0.0, 3.3015941903781185e-33, 8.253985475945296e-34, 0.0, 8.804251174341649e-34, 1.5847652113814968e-32, -1.6507970951890593e-33], [0.0, 0.0, 0.0, 0.0, 0.0, 0.0, 0.0], [0.0, 3.5217004697366597e-33, 8.804251174341649e-34, 0.0, 0.16382218153613928, -0.004614996103529835, -1.7608502348683298e-33], [0.0, 6.339060845525987e-32, 1.5847652113814968e-32, 0.0, -0.004614996103529835, 0.00013000796861502672, -3.1695304227629935e-32], [0.0, -6.603188380756237e-33, -1.6507970951890593e-33, 0.0, -1.7608502348683298e-33, -3.1695304227629935e-32, 3.3015941903781185e-33]]",0.00036803201984027126,1.734723475976807e-14,[[1.3170890159654385e-07]],[1.3170890159654385e-07]
0.011016667384228462,"[1.0, 0.8, 0.2, 0.5, 1.0, 5.0, 0.3]",[[1.0408340855860843e-13]],"[[0.0, 0.0, 0.0, 0.0, 0.0, 0.0, 0.0], [0.0, 1.3206376761512474e-32, 3.3015941903781185e-33, 0.0, -2.2891053053288287e-32, 5.634720751578655e-32, -6.603188380756237e-33], [0.0, 3.3015941903781185e-33, 8.253985475945296e-34, 0.0, -5.722763263322072e-33, 1.4086801878946639e-32, -1.6507970951890593e-33], [0.0, 0.0, 0.0, 0.0, 0.0, 0.0, 0.0], [0.0, -2.2891053053288287e-32, -5.722763263322072e-33, 0.0, 0.08140173649640393, -0.06180612204075792, 1.1445526526644144e-32], [0.0, 5.634720751578655e-32, 1.4086801878946639e-32, 0.0, -0.06180612204075792, 0.04692770555190569, -2.8173603757893277e-32], [0.0, -6.603188380756237e-33, -1.6507970951890593e-33, 0.0, 1.1445526526644144e-32, -2.8173603757893277e-32, 3.3015941903781185e-33]]",0.0003686326217926455,1.0408340855860843e-13,[[3.226196034939731e-07]],[3.226196034939731e-07]
0.011186753086876888,"[1.0, 0.8, 0.2, 0.5, 1.0, 5.0, 0.3]",[[0.0]],"[[0.0, 0.0, 0.0, 0.0, 0.0, 0.0, 0.0], [0.0, 1.3206376761512474e-32, 3.3015941903781185e-33, 0.0, 2.1130202818419958e-32, 3.5217004697366594e-32, -6.603188380756237e-33], [0.0, 3.3015941903781185e-33, 8.253985475945296e-34, 0.0, 5.2825507046049895e-33, 8.804251174341648e-33, -1.6507970951890593e-33], [0.0, 0.0, 0.0, 0.0, 0.0, 0.0, 0.0], [0.0, 2.1130202818419958e-32, 5.2825507046049895e-33, 0.0, 0.049620730322861496, -0.05340684540810146, -1.0565101409209979e-32], [0.0, 3.5217004697366594e-32, 8.804251174341648e-33, 0.0, -0.05340684540810146, 0.057481845145892975, -1.7608502348683297e-32], [0.0, -6.603188380756237e-33, -1.6507970951890593e-33, 0.0, -1.0565101409209979e-32, -1.7608502348683297e-32, 3.3015941903781185e-33]]",0.0003698862813799327,0.0,[[nan]],[nan]
0.011809088179004612,"[1.0, 0.8, 0.2, 0.5, 1.0, 5.0, 0.3]",[[5.204170427930421e-14]],"[[0.0, 0.0, 0.0, 0.0, 0.0, 0.0, 0.0], [0.0, 1.3206376761512474e-32, 3.3015941903781185e-33, 0.0, -8.804251174341648e-33, -5.634720751578655e-32, -6.603188380756237e-33], [0.0, 3.3015941903781185e-33, 8.253985475945296e-34, 0.0, -2.201062793585412e-33, -1.4086801878946639e-32, -1.6507970951890593e-33], [0.0, 0.0, 0.0, 0.0, 0.0, 0.0, 0.0], [0.0, -8.804251174341648e-33, -2.201062793585412e-33, 0.0, 0.20040856781499952, -0.2257765511656379, 4.402125587170824e-33], [0.0, -5.634720751578655e-32, -1.4086801878946639e-32, 0.0, -0.2257765511656379, 0.25435564762533386, 2.8173603757893277e-32], [0.0, -6.603188380756237e-33, -1.6507970951890593e-33, 0.0, 4.402125587170824e-33, 2.8173603757893277e-32, 3.3015941903781185e-33]]",0.0003745546330583133,5.204170427930421e-14,[[2.2812650937430358e-07]],[2.2812650937430358e-07]
0.012051863015925202,"[1.0, 0.8, 0.2, 0.5, 1.0, 5.0, 0.3]",[[-1.734723475976807e-14]],"[[0.0, 0.0, 0.0, 0.0, 0.0, 0.0, 0.0], [0.0, 1.3206376761512474e-32, 3.3015941903781185e-33, 0.0, 7.043400939473319e-33, 9.860761315262648e-32, -6.603188380756237e-33], [0.0, 3.3015941903781185e-33, 8.253985475945296e-34, 0.0, 1.7608502348683298e-33, 2.465190328815662e-32, -1.6507970951890593e-33], [0.0, 0.0, 0.0, 0.0, 0.0, 0.0, 0.0], [0.0, 7.043400939473319e-33, 1.7608502348683298e-33, 0.0, 0.04996509586370658, -0.1322069346062596, -3.5217004697366597e-33], [0.0, 9.860761315262648e-32, 2.465190328815662e-32, 0.0, -0.1322069346062596, 0.34981767283428467, -4.930380657631324e-32], [0.0, -6.603188380756237e-33, -1.6507970951890593e-33, 0.0, -3.5217004697366597e-33, -4.930380657631324e-32, 3.3015941903781185e-33]]",0.0003764103849441182,1.734723475976807e-14,[[nan]],[nan]
0.012140900922043563,"[1.0, 0.8, 0.2, 0.5, 1.0, 5.0, 0.3]",[[3.469446951953614e-14]],"[[0.0, 0.0, 0.0, 0.0, 0.0, 0.0, 0.0], [0.0, 1.3206376761512474e-32, 3.3015941903781185e-33, 0.0, 1.7608502348683298e-33, -8.099911080394317e-32, -6.603188380756237e-33], [0.0, 3.3015941903781185e-33, 8.253985475945296e-34, 0.0, 4.4021255871708246e-34, -2.0249777700985793e-32, -1.6507970951890593e-33], [0.0, 0.0, 0.0, 0.0, 0.0, 0.0, 0.0], [0.0, 1.7608502348683298e-33, 4.4021255871708246e-34, 0.0, 0.034149182991585744, -0.0850905974402703, -8.804251174341649e-34], [0.0, -8.099911080394317e-32, -2.0249777700985793e-32, 0.0, -0.0850905974402703, 0.21202292817740784, 4.0499555401971587e-32], [0.0, -6.603188380756237e-33, -1.6507970951890593e-33, 0.0, -8.804251174341649e-34, 4.0499555401971587e-32, 3.3015941903781185e-33]]",0.00037709585273007734,3.469446951953614e-14,[[1.862645149230957e-07]],[1.862645149230957e-07]
0.012302685888602838,"[1.0, 0.8, 0.2, 0.5, 1.0, 5.0, 0.3]",[[6.938893903907228e-14]],"[[0.0, 0.0, 0.0, 0.0, 0.0, 0.0, 0.0], [0.0, 1.3206376761512474e-32, 3.3015941903781185e-33, 0.0, -1.232595164407831e-32, -7.395570986446986e-32, -6.603188380756237e-33], [0.0, 3.3015941903781185e-33, 8.253985475945296e-34, 0.0, -3.0814879110195774e-33, -1.8488927466117464e-32, -1.6507970951890593e-33], [0.0, 0.0, 0.0, 0.0, 0.0, 0.0, 0.0], [0.0, -1.232595164407831e-32, -3.0814879110195774e-33, 0.0, 0.03754632397777296, -0.06952783423527792, 6.162975822039155e-33], [0.0, -7.395570986446986e-32, -1.8488927466117464e-32, 0.0, -0.06952783423527792, 0.12875081289742307, 3.697785493223493e-32], [0.0, -6.603188380756237e-33, -1.6507970951890593e-33, 0.0, 6.162975822039155e-33, 3.697785493223493e-32, 3.3015941903781185e-33]]",0.00037834805918266374,6.938893903907228e-14,[[2.634178031930877e-07]],[2.634178031930877e-07]
0.012397213915795957,"[1.0, 0.8, 0.2, 0.5, 1.0, 5.0, 0.3]",[[3.469446951953614e-14]],"[[0.0, 0.0, 0.0, 0.0, 0.0, 0.0, 0.0], [0.0, 1.3206376761512474e-32, 3.3015941903781185e-33, 0.0, -1.7608502348683298e-33, 9.156421221315315e-32, -6.603188380756237e-33], [0.0, 3.3015941903781185e-33, 8.253985475945296e-34, 0.0, -4.4021255871708246e-34, 2.2891053053288287e-32, -1.6507970951890593e-33], [0.0, 0.0, 0.0, 0.0, 0.0, 0.0, 0.0], [0.0, -1.7608502348683298e-33, -4.4021255871708246e-34, 0.0, 1.5596467414060955e-07, -0.0001103213128896309, 8.804251174341649e-34], [0.0, 9.156421221315315e-32, 2.2891053053288287e-32, 0.0, -0.0001103213128896309, 0.0780355689181212, -4.5782106106576574e-32], [0.0, -6.603188380756237e-33, -1.6507970951890593e-33, 0.0, 8.804251174341649e-34, -4.5782106106576574e-32, 3.3015941903781185e-33]]",0.00037908369376842064,3.469446951953614e-14,[[1.862645149230957e-07]],[1.862645149230957e-07]
0.01246565983788206,"[1.0, 0.8, 0.2, 0.5, 1.0, 5.0, 0.3]",[[1.0408340855860843e-13]],"[[0.0, 0.0, 0.0, 0.0, 0.0, 0.0, 0.0], [0.0, 1.3206376761512474e-32, 3.3015941903781185e-33, 0.0, 7.043400939473319e-33, 0.0, -6.603188380756237e-33], [0.0, 3.3015941903781185e-33, 8.253985475945296e-34, 0.0, 1.7608502348683298e-33, 0.0, -1.6507970951890593e-33], [0.0, 0.0, 0.0, 0.0, 0.0, 0.0, 0.0], [0.0, 7.043400939473319e-33, 1.7608502348683298e-33, 0.0, 0.09185149717850616, -0.019991951478664807, -3.5217004697366597e-33], [0.0, 0.0, 0.0, 0.0, -0.019991951478664807, 0.004351351215849476, 0.0], [0.0, -6.603188380756237e-33, -1.6507970951890593e-33, 0.0, -3.5217004697366597e-33, 0.0, 3.3015941903781185e-33]]",0.00037961819097469615,1.0408340855860843e-13,[[3.226196034939731e-07]],[3.226196034939731e-07]
0.012469877941213237,"[1.0, 0.8, 0.2, 0.5, 1.0, 5.0, 0.3]",[[0.0]],"[[0.0, 0.0, 0.0, 0.0, 0.0, 0.0, 0.0], [0.0, 1.3206376761512474e-32, 3.3015941903781185e-33, 0.0, -8.804251174341648e-33, 5.634720751578655e-32, -6.603188380756237e-33], [0.0, 3.3015941903781185e-33, 8.253985475945296e-34, 0.0, -2.201062793585412e-33, 1.4086801878946639e-32, -1.6507970951890593e-33], [0.0, 0.0, 0.0, 0.0, 0.0, 0.0, 0.0], [0.0, -8.804251174341648e-33, -2.201062793585412e-33, 0.0, 0.06084871532757793, -0.06338747845238317, 4.402125587170824e-33], [0.0, 5.634720751578655e-32, 1.4086801878946639e-32, 0.0, -0.06338747845238317, 0.06603216523012301, -2.8173603757893277e-32], [0.0, -6.603188380756237e-33, -1.6507970951890593e-33, 0.0, 4.402125587170824e-33, -2.8173603757893277e-32, 3.3015941903781185e-33]]",0.00037965118084202273,0.0,[[nan]],[nan]
0.012993348671796245,"[1.0, 0.8, 0.2, 0.5, 1.0, 5.0, 0.3]",[[0.0]],"[[0.0, 0.0, 0.0, 0.0, 0.0, 0.0, 0.0], [0.0, 1.3206376761512474e-32, 3.3015941903781185e-33, 0.0, 1.232595164407831e-32, -5.986890798552321e-32, -6.603188380756237e-33], [0.0, 3.3015941903781185e-33, 8.253985475945296e-34, 0.0, 3.0814879110195774e-33, -1.4967226996380803e-32, -1.6507970951890593e-33], [0.0, 0.0, 0.0, 0.0, 0.0, 0.0, 0.0], [0.0, 1.232595164407831e-32, 3.0814879110195774e-33, 0.0, 0.22781211628542744, -0.36880026276728733, -6.162975822039155e-33], [0.0, -5.986890798552321e-32, -1.4967226996380803e-32, 0.0, -0.36880026276728733, 0.5970430196381982, 2.9934453992761606e-32], [0.0, -6.603188380756237e-33, -1.6507970951890593e-33, 0.0, -6.162975822039155e-33, 2.9934453992761606e-32, 3.3015941903781185e-33]]",0.0003837907795621733,0.0,[[nan]],[nan]
0.01377735529405033,"[1.0, 0.8, 0.2, 0.5, 1.0, 5.0, 0.3]",[[-1.734723475976807e-14]],"[[0.0, 0.0, 0.0, 0.0, 0.0, 0.0, 0.0], [0.0, 1.3206376761512474e-32, 3.3015941903781185e-33, 0.0, 1.936935258355163e-32, 4.2260405636839916e-32, -6.603188380756237e-33], [0.0, 3.3015941903781185e-33, 8.253985475945296e-34, 0.0, 4.842338145887907e-33, 1.0565101409209979e-32, -1.6507970951890593e-33], [0.0, 0.0, 0.0, 0.0, 0.0, 0.0, 0.0], [0.0, 1.936935258355163e-32, 4.842338145887907e-33, 0.0, 0.12413548362250212, -0.0539344362901505, -9.684676291775814e-33], [0.0, 4.2260405636839916e-32, 1.0565101409209979e-32, 0.0, -0.0539344362901505, 0.023433456196798562, -2.1130202818419958e-32], [0.0, -6.603188380756237e-33, -1.6507970951890593e-33, 0.0, -9.684676291775814e-33, -2.1130202818419958e-32, 3.3015941903781185e-33]]",0.00039015962915757066,1.734723475976807e-14,[[nan]],[nan]
0.013936287708201545,"[1.0, 0.8, 0.2, 0.5, 1.0, 5.0, 0.3]",[[3.469446951953614e-14]],"[[0.0, 0.0, 0.0, 0.0, 0.0, 0.0, 0.0], [0.0, 1.3206376761512474e-32, 3.3015941903781185e-33, 0.0, 1.0565101409209979e-32, 2.1130202818419958e-32, -6.603188380756237e-33], [0.0, 3.3015941903781185e-33, 8.253985475945296e-34, 0.0, 2.6412753523024947e-33, 5.2825507046049895e-33, -1.6507970951890593e-33], [0.0, 0.0, 0.0, 0.0, 0.0, 0.0, 0.0], [0.0, 1.0565101409209979e-32, 2.6412753523024947e-33, 0.0, 0.20224812594640248, -0.20762119889880182, -5.2825507046049895e-33], [0.0, 2.1130202818419958e-32, 5.2825507046049895e-33, 0.0, -0.20762119889880182, 0.2131370168720342, -1.0565101409209979e-32], [0.0, -6.603188380756237e-33, -1.6507970951890593e-33, 0.0, -5.2825507046049895e-33, -1.0565101409209979e-32, 3.3015941903781185e-33]]",0.000391475409192256,3.469446951953614e-14,[[1.862645149230957e-07]],[1.862645149230957e-07]
0.01412473347682397,"[1.0, 0.8, 0.2, 0.5, 1.0, 5.0, 0.3]",[[3.469446951953614e-14]],"[[0.0, 0.0, 0.0, 0.0, 0.0, 0.0, 0.0], [0.0, 1.3206376761512474e-32, 3.3015941903781185e-33, 0.0, 1.0565101409209979e-32, -8.099911080394317e-32, -6.603188380756237e-33], [0.0, 3.3015941903781185e-33, 8.253985475945296e-34, 0.0, 2.6412753523024947e-33, -2.0249777700985793e-32, -1.6507970951890593e-33], [0.0, 0.0, 0.0, 0.0, 0.0, 0.0, 0.0], [0.0, 1.0565101409209979e-32, 2.6412753523024947e-33, 0.0, 0.004142289885200743, -0.021031240761384414, -5.2825507046049895e-33], [0.0, -8.099911080394317e-32, -2.0249777700985793e-32, 0.0, -0.021031240761384414, 0.1067798488810693, 4.0499555401971587e-32], [0.0, -6.603188380756237e-33, -1.6507970951890593e-33, 0.0, -5.2825507046049895e-33, 4.0499555401971587e-32, 3.3015941903781185e-33]]",0.0003930463147749797,3.469446951953614e-14,[[1.862645149230957e-07]],[1.862645149230957e-07]
0.014126574909854583,"[1.0, 0.8, 0.2, 0.5, 1.0, 5.0, 0.3]",[[5.204170427930421e-14]],"[[0.0, 0.0, 0.0, 0.0, 0.0, 0.0, 0.0], [0.0, 1.3206376761512474e-32, 3.3015941903781185e-33, 0.0, -1.4086801878946639e-32, -4.930380657631324e-32, -6.603188380756237e-33], [0.0, 3.3015941903781185e-33, 8.253985475945296e-34, 0.0, -3.5217004697366597e-33, -1.232595164407831e-32, -1.6507970951890593e-33], [0.0, 0.0, 0.0, 0.0, 0.0, 0.0, 0.0], [0.0, -1.4086801878946639e-32, -3.5217004697366597e-33, 0.0, 0.21954965602948923, -0.2965374302179879, 7.043400939473319e-33], [0.0, -4.930380657631324e-32, -1.232595164407831e-32, 0.0, -0.2965374302179879, 0.4005219097609376, 2.465190328815662e-32], [0.0, -6.603188380756237e-33, -1.6507970951890593e-33, 0.0, 7.043400939473319e-33, 2.465190328815662e-32, 3.3015941903781185e-33]]",0.00039306172292023566,5.204170427930421e-14,[[2.2812650937430358e-07]],[2.2812650937430358e-07]
0.014682843560070769,"[1.0, 0.8, 0.2, 0.5, 1.0, 5.0, 0.3]",[[5.204170427930421e-14]],"[[0.0, 0.0, 0.0, 0.0, 0.0, 0.0, 0.0], [0.0, 1.3206376761512474e-32, 3.3015941903781185e-33, 0.0, 1.7608502348683298e-33, -2.8173603757893277e-32, -6.603188380756237e-33], [0.0, 3.3015941903781185e-33, 8.253985475945296e-34, 0.0, 4.4021255871708246e-34, -7.043400939473319e-33, -1.6507970951890593e-33], [0.0, 0.0, 0.0, 0.0, 0.0, 0.0, 0.0], [0.0, 1.7608502348683298e-33, 4.4021255871708246e-34, 0.0, 7.014331745395927e-07, -0.0005691675264730707, -8.804251174341649e-34], [0.0, -2.8173603757893277e-32, -7.043400939473319e-33, 0.0, -0.0005691675264730707, 0.4618425317623579, 1.4086801878946639e-32], [0.0, -6.603188380756237e-33, -1.6507970951890593e-33, 0.0, -8.804251174341649e-34, 1.4086801878946639e-32, 3.3015941903781185e-33]]",0.00039776745232421036,5.204170427930421e-14,[[2.2812650937430358e-07]],[2.2812650937430358e-07]
0.015580700042524986,"[1.0, 0.8, 0.2, 0.5, 1.0, 5.0, 0.3]",[[3.469446951953614e-14]],"[[0.0, 0.0, 0.0, 0.0, 0.0, 0.0, 0.0], [0.0, 1.3206376761512474e-32, 3.3015941903781185e-33, 0.0, 5.2825507046049895e-33, -2.1130202818419958e-32, -6.603188380756237e-33], [0.0, 3.3015941903781185e-33, 8.253985475945296e-34, 0.0, 1.3206376761512474e-33, -5.2825507046049895e-33, -1.6507970951890593e-33], [0.0, 0.0, 0.0, 0.0, 0.0, 0.0, 0.0], [0.0, 5.2825507046049895e-33, 1.3206376761512474e-33, 0.0, 0.11809610820941664, -0.2247366659902542, -2.6412753523024947e-33], [0.0, -2.1130202818419958e-32, -5.2825507046049895e-33, 0.0, -0.2247366659902542, 0.42767344162479204, 1.0565101409209979e-32], [0.0, -6.603188380756237e-33, -1.6507970951890593e-33, 0.0, -2.6412753523024947e-33, 1.0565101409209979e-32, 3.3015941903781185e-33]]",0.0004055779973483502,3.469446951953614e-14,[[1.862645149230957e-07]],[1.862645149230957e-07]
0.01580323916329618,"[1.0, 0.8, 0.2, 0.5, 1.0, 5.0, 0.3]",[[0.0]],"[[0.0, 0.0, 0.0, 0.0, 0.0, 0.0, 0.0], [0.0, 1.3206376761512474e-32, 3.3015941903781185e-33, 0.0, -3.5217004697366597e-33, 3.5217004697366594e-32, -6.603188380756237e-33], [0.0, 3.3015941903781185e-33, 8.253985475945296e-34, 0.0, -8.804251174341649e-34, 8.804251174341648e-33, -1.6507970951890593e-33], [0.0, 0.0, 0.0, 0.0, 0.0, 0.0, 0.0], [0.0, -3.5217004697366597e-33, -8.804251174341649e-34, 0.0, 0.07742247372312852, -0.0148327562341501, 1.7608502348683298e-33], [0.0, 3.5217004697366594e-32, 8.804251174341648e-33, 0.0, -0.0148327562341501, 0.002841689846910629, -1.7608502348683297e-32], [0.0, -6.603188380756237e-33, -1.6507970951890593e-33, 0.0, 1.7608502348683298e-33, -1.7608502348683297e-32, 3.3015941903781185e-33]]",0.000407554979000836,0.0,[[nan]],[nan]
