This job can be monitored from: https://job.c3se.chalmers.se/alvis/4586072
Synergy iterativa ACO ↔ Active Learning
Loaded archive data with shape: (5007, 10)
Loading surrogate model from surrogate_model1.pkl...
 C_ref shape: (3, 3)
Parameters: {'n_ants': 550, 'top_k': 50, 'alpha': 1.0, 'beta': 1.0, 'omega': 1.0, 'epsilon': 0.001, 'budget': 15, 'retrain_every': 5, 'n_init_diverse': 40}
Colony 0: starting
Colony 0: calculating heuristic eta
Calculating heuristic eta...
Colony 0: selecting initial diverse lambdas with criterion: heuristic
Selecting diverse lambdas with min_dist=0.053...
Colony 0: selected 40 initial diverse lambdas
Nummber of selected lambdas: 40

--- Iteration 1/15 | Colony: 0 ---
Surrogate model reloaded.

--- Iteration 1/15 ---
 Selected lambdas: 40
Current error: N/A
Colony 2: starting
Colony 2: calculating heuristic eta
Calculating heuristic eta...
Colony 2: selecting initial diverse lambdas with criterion: uniform
Colony 2: selected 40 initial diverse lambdas
Nummber of selected lambdas: 40

--- Iteration 1/15 | Colony: 2 ---
Surrogate model reloaded.

--- Iteration 1/15 ---
 Selected lambdas: 40
Current error: N/A
Colony 3: starting
Colony 3: calculating heuristic eta
Calculating heuristic eta...
Colony 3: selecting initial diverse lambdas with criterion: random
Colony 3: selected 40 initial diverse lambdas
Nummber of selected lambdas: 40

--- Iteration 1/15 | Colony: 3 ---
Surrogate model reloaded.

--- Iteration 1/15 ---
 Selected lambdas: 40
Current error: N/A
Colony 1: starting
Colony 1: calculating heuristic eta
Calculating heuristic eta...
Colony 1: selecting initial diverse lambdas with criterion: uncertainty
Selecting diverse lambdas with min_dist=0.053...
Colony 1: selected 40 initial diverse lambdas
Nummber of selected lambdas: 40

--- Iteration 1/15 | Colony: 1 ---
Surrogate model reloaded.

--- Iteration 1/15 ---
 Selected lambdas: 40
Current error: N/A
Sampling candidates
Sampling candidates with scores: [1.10450352e-04 3.99324675e-04 7.67619865e-05 ... 9.23951221e-05
 3.98978283e-04 3.99312666e-04]
Total candidates sampled: 50
Total candidates sampled: 50
New candidates : 49
Selected samples for update: 24
New candidates added to selected set: 24
Total selected lambdas after addition: 64
No pruning needed
[Iteration 1] Improvement: error 0.47955288 < best error 0.47955288
Actual error: 0.47955288

--- Iteration 2/15 | Colony: 0 ---

--- Iteration 2/15 ---
 Selected lambdas: 64
 Current error: 0.47955288
Sampling candidates
Sampling candidates with scores: [1.10450353e-04 3.99324675e-04 7.67619867e-05 ... 9.23951223e-05
 3.98978283e-04 3.99312666e-04]
Total candidates sampled: 50
Total candidates sampled: 50
New candidates : 25
Selected samples for update: 12
New candidates added to selected set: 12
Total selected lambdas after addition: 76
No pruning needed
[Iteration 2] Improvement: error 0.29968274 < best error 0.29968274
Actual error: 0.29968274

--- Iteration 3/15 | Colony: 0 ---

--- Iteration 3/15 ---
 Selected lambdas: 76
 Current error: 0.29968274
Sampling candidates
Sampling candidates with scores: [1.10450353e-04 3.99324675e-04 7.67619869e-05 ... 9.23951224e-05
 3.98978282e-04 3.99312666e-04]
Total candidates sampled: 50
Total candidates sampled: 50
New candidates : 13
Selected samples for update: 6
New candidates added to selected set: 6
Total selected lambdas after addition: 82
No pruning needed
[Iteration 3] Improvement: error 0.21420973 < best error 0.21420973
Actual error: 0.21420973

--- Iteration 4/15 | Colony: 0 ---

--- Iteration 4/15 ---
 Selected lambdas: 82
 Current error: 0.21420973
Sampling candidates
Sampling candidates with scores: [1.10450353e-04 3.99324674e-04 7.67619871e-05 ... 9.23951227e-05
 3.98978282e-04 3.99312665e-04]
Total candidates sampled: 50
Total candidates sampled: 50
New candidates : 7
Selected samples for update: 3
New candidates added to selected set: 3
Total selected lambdas after addition: 85
No pruning needed
[Iteration 4] Improvement: error 0.18574777 < best error 0.18574777
Actual error: 0.18574777

--- Iteration 5/15 | Colony: 0 ---

--- Iteration 5/15 ---
 Selected lambdas: 85
 Current error: 0.18574777
Sampling candidates
Sampling candidates with scores: [1.10450353e-04 3.99324674e-04 7.67619874e-05 ... 9.23951229e-05
 3.98978282e-04 3.99312665e-04]
Total candidates sampled: 50
Total candidates sampled: 50
New candidates : 4
Selected samples for update: 2
New candidates added to selected set: 2
Total selected lambdas after addition: 87
No pruning needed
[Iteration 5] Improvement: error 0.17272957 < best error 0.17272957
Actual error: 0.17272957

--- Iteration 6/15 | Colony: 0 ---

--- Iteration 6/15 ---
 Selected lambdas: 87
 Current error: 0.17272957
Sampling candidates
Sampling candidates with scores: [1.10450353e-04 3.99324674e-04 7.67619877e-05 ... 9.23951231e-05
 3.98978281e-04 3.99312664e-04]
Total candidates sampled: 50
Total candidates sampled: 50
New candidates : 2
Selected samples for update: 1
New candidates added to selected set: 1
Total selected lambdas after addition: 88
No pruning needed
[Iteration 6] Improvement: error 0.16759887 < best error 0.16759887
Actual error: 0.16759887

--- Iteration 7/15 | Colony: 0 ---

--- Iteration 7/15 ---
 Selected lambdas: 88
 Current error: 0.16759887
Sampling candidates
Sampling candidates with scores: [1.10450354e-04 3.99324673e-04 7.67619880e-05 ... 9.23951234e-05
 3.98978281e-04 3.99312664e-04]
Total candidates sampled: 50
Total candidates sampled: 50
New candidates : 1
Selected samples for update: 1
New candidates added to selected set: 1
Total selected lambdas after addition: 89
No pruning needed
[Iteration 7] Improvement: error 0.16342009 < best error 0.16342009
Actual error: 0.16342009

--- Iteration 8/15 | Colony: 0 ---

--- Iteration 8/15 ---
 Selected lambdas: 89
 Current error: 0.16342009
Sampling candidates
Sampling candidates with scores: [1.10450354e-04 3.99324672e-04 7.67619884e-05 ... 9.23951237e-05
 3.98978280e-04 3.99312663e-04]
Total candidates sampled: 50
Total candidates sampled: 50
New candidates : 0
Selected samples for update: 0
New candidates added to selected set: 0
Total selected lambdas after addition: 89
No pruning needed
[Iteration 8] No improvement: error 0.16342009 >= best error 0.16342009
Actual error: 0.16342009

--- Iteration 9/15 | Colony: 0 ---

--- Iteration 9/15 ---
 Selected lambdas: 89
 Current error: 0.16342009
Sampling candidates
Sampling candidates with scores: [1.10450354e-04 3.99324672e-04 7.67619888e-05 ... 9.23951241e-05
 3.98978279e-04 3.99312663e-04]
Total candidates sampled: 50
Total candidates sampled: 50
New candidates : 0
Selected samples for update: 0
New candidates added to selected set: 0
Total selected lambdas after addition: 89
No pruning needed
[Iteration 9] No improvement: error 0.16342009 >= best error 0.16342009
Actual error: 0.16342009

--- Iteration 10/15 | Colony: 0 ---

--- Iteration 10/15 ---
 Selected lambdas: 89
 Current error: 0.16342009
Sampling candidates
Sampling candidates with scores: [1.10450354e-04 3.99324671e-04 7.67619892e-05 ... 9.23951245e-05
 3.98978279e-04 3.99312662e-04]
Total candidates sampled: 50
Total candidates sampled: 50
New candidates : 0
Selected samples for update: 0
New candidates added to selected set: 0
Total selected lambdas after addition: 89
No pruning needed
[Iteration 10] No improvement: error 0.16342009 >= best error 0.16342009
Actual error: 0.16342009

--- Iteration 11/15 | Colony: 0 ---

--- Iteration 11/15 ---
 Selected lambdas: 89
 Current error: 0.16342009
Sampling candidates
Sampling candidates with scores: [1.10450355e-04 3.99324670e-04 7.67619897e-05 ... 9.23951249e-05
 3.98978278e-04 3.99312661e-04]
Total candidates sampled: 50
Total candidates sampled: 50
New candidates : 0
Selected samples for update: 0
New candidates added to selected set: 0
Total selected lambdas after addition: 89
No pruning needed
[Iteration 11] No improvement: error 0.16342009 >= best error 0.16342009
Actual error: 0.16342009

--- Iteration 12/15 | Colony: 0 ---

--- Iteration 12/15 ---
 Selected lambdas: 89
 Current error: 0.16342009
Sampling candidates
Sampling candidates with scores: [1.10450355e-04 3.99324669e-04 7.67619903e-05 ... 9.23951254e-05
 3.98978277e-04 3.99312660e-04]
Total candidates sampled: 50
Total candidates sampled: 50
New candidates : 0
Selected samples for update: 0
New candidates added to selected set: 0
Total selected lambdas after addition: 89
No pruning needed
[Iteration 12] No improvement: error 0.16342009 >= best error 0.16342009
Actual error: 0.16342009

--- Iteration 13/15 | Colony: 0 ---

--- Iteration 13/15 ---
 Selected lambdas: 89
 Current error: 0.16342009
Sampling candidates
Sampling candidates with scores: [1.10450356e-04 3.99324668e-04 7.67619909e-05 ... 9.23951259e-05
 3.98978276e-04 3.99312659e-04]
Total candidates sampled: 50
Total candidates sampled: 50
New candidates : 0
Selected samples for update: 0
New candidates added to selected set: 0
Total selected lambdas after addition: 89
No pruning needed
[Iteration 13] No improvement: error 0.16342009 >= best error 0.16342009
Actual error: 0.16342009

--- Iteration 14/15 | Colony: 0 ---

--- Iteration 14/15 ---
 Selected lambdas: 89
 Current error: 0.16342009
Sampling candidates
Sampling candidates with scores: [1.10450356e-04 3.99324667e-04 7.67619916e-05 ... 9.23951265e-05
 3.98978275e-04 3.99312658e-04]
Total candidates sampled: 50
Total candidates sampled: 50
New candidates : 0
Selected samples for update: 0
New candidates added to selected set: 0
Total selected lambdas after addition: 89
No pruning needed
[Iteration 14] No improvement: error 0.16342009 >= best error 0.16342009
Actual error: 0.16342009

--- Iteration 15/15 | Colony: 0 ---

--- Iteration 15/15 ---
 Selected lambdas: 89
 Current error: 0.16342009
Sampling candidates
Sampling candidates with scores: [0.00019972 0.00019972 0.00019972 ... 0.00019972 0.00019972 0.00019972]
Total candidates sampled: 50
Total candidates sampled: 50
New candidates : 50
Selected samples for update: 25
New candidates added to selected set: 25
Total selected lambdas after addition: 65
No pruning needed
[Iteration 1] Improvement: error 0.76786607 < best error 0.76786607
Actual error: 0.76786607

--- Iteration 2/15 | Colony: 3 ---

--- Iteration 2/15 ---
 Selected lambdas: 65
 Current error: 0.76786607
Sampling candidates
Sampling candidates with scores: [0.00019972 0.00019972 0.00019972 ... 0.00019972 0.00019972 0.00019972]
Total candidates sampled: 50
Total candidates sampled: 50
New candidates : 25
Selected samples for update: 12
New candidates added to selected set: 12
Total selected lambdas after addition: 77
No pruning needed
[Iteration 2] No improvement: error 0.81409606 >= best error 0.76786607
Actual error: 0.81409606

--- Iteration 3/15 | Colony: 3 ---

--- Iteration 3/15 ---
 Selected lambdas: 77
 Current error: 0.81409606
Sampling candidates
Sampling candidates with scores: [0.00019972 0.00019972 0.00019972 ... 0.00019972 0.00019972 0.00019972]
Total candidates sampled: 50
Total candidates sampled: 50
New candidates : 13
Selected samples for update: 6
New candidates added to selected set: 6
Total selected lambdas after addition: 83
No pruning needed
[Iteration 3] No improvement: error 0.84088522 >= best error 0.76786607
Actual error: 0.84088522

--- Iteration 4/15 | Colony: 3 ---

--- Iteration 4/15 ---
 Selected lambdas: 83
 Current error: 0.84088522
Sampling candidates
Sampling candidates with scores: [0.00019972 0.00019972 0.00019972 ... 0.00019972 0.00019972 0.00019972]
Total candidates sampled: 50
Total candidates sampled: 50
New candidates : 7
Selected samples for update: 3
New candidates added to selected set: 3
Total selected lambdas after addition: 86
No pruning needed
[Iteration 4] No improvement: error 0.85419968 >= best error 0.76786607
Actual error: 0.85419968

--- Iteration 5/15 | Colony: 3 ---

--- Iteration 5/15 ---
 Selected lambdas: 86
 Current error: 0.85419968
Sampling candidates
Sampling candidates with scores: [0.00019972 0.00019972 0.00019972 ... 0.00019972 0.00019972 0.00019972]
Total candidates sampled: 50
Total candidates sampled: 50
New candidates : 4
Selected samples for update: 2
New candidates added to selected set: 2
Total selected lambdas after addition: 88
No pruning needed
[Iteration 5] No improvement: error 0.86264119 >= best error 0.76786607
Actual error: 0.86264119

--- Iteration 6/15 | Colony: 3 ---

--- Iteration 6/15 ---
 Selected lambdas: 88
 Current error: 0.86264119
Sampling candidates
Sampling candidates with scores: [0.00019972 0.00019972 0.00019972 ... 0.00019972 0.00019972 0.00019972]
Total candidates sampled: 50
Total candidates sampled: 50
New candidates : 2
Selected samples for update: 1
New candidates added to selected set: 1
Total selected lambdas after addition: 89
No pruning needed
[Iteration 6] No improvement: error 0.86677994 >= best error 0.76786607
Actual error: 0.86677994

--- Iteration 7/15 | Colony: 3 ---

--- Iteration 7/15 ---
 Selected lambdas: 89
 Current error: 0.86677994
Sampling candidates
Sampling candidates with scores: [0.00019972 0.00019972 0.00019972 ... 0.00019972 0.00019972 0.00019972]
Total candidates sampled: 50
Total candidates sampled: 50
New candidates : 1
Selected samples for update: 1
New candidates added to selected set: 1
Total selected lambdas after addition: 90
No pruning needed
[Iteration 7] No improvement: error 0.87088763 >= best error 0.76786607
Actual error: 0.87088763

--- Iteration 8/15 | Colony: 3 ---

--- Iteration 8/15 ---
 Selected lambdas: 90
 Current error: 0.87088763
Sampling candidates
Sampling candidates with scores: [0.00019972 0.00019972 0.00019972 ... 0.00019972 0.00019972 0.00019972]
Total candidates sampled: 50
Total candidates sampled: 50
New candidates : 0
Selected samples for update: 0
New candidates added to selected set: 0
Total selected lambdas after addition: 90
No pruning needed
[Iteration 8] No improvement: error 0.87088763 >= best error 0.76786607
Actual error: 0.87088763

--- Iteration 9/15 | Colony: 3 ---

--- Iteration 9/15 ---
 Selected lambdas: 90
 Current error: 0.87088763
Sampling candidates
Sampling candidates with scores: [0.00019972 0.00019972 0.00019972 ... 0.00019972 0.00019972 0.00019972]
Total candidates sampled: 50
Total candidates sampled: 50
New candidates : 0
Selected samples for update: 0
New candidates added to selected set: 0
Total selected lambdas after addition: 90
No pruning needed
[Iteration 9] No improvement: error 0.87088763 >= best error 0.76786607
Actual error: 0.87088763

--- Iteration 10/15 | Colony: 3 ---

--- Iteration 10/15 ---
 Selected lambdas: 90
 Current error: 0.87088763
Sampling candidates
Sampling candidates with scores: [0.00019972 0.00019972 0.00019972 ... 0.00019972 0.00019972 0.00019972]
Total candidates sampled: 50
Total candidates sampled: 50
New candidates : 0
Selected samples for update: 0
New candidates added to selected set: 0
Total selected lambdas after addition: 90
No pruning needed
[Iteration 10] No improvement: error 0.87088763 >= best error 0.76786607
Actual error: 0.87088763

--- Iteration 11/15 | Colony: 3 ---

--- Iteration 11/15 ---
 Selected lambdas: 90
 Current error: 0.87088763
Sampling candidates
Sampling candidates with scores: [0.00019972 0.00019972 0.00019972 ... 0.00019972 0.00019972 0.00019972]
Total candidates sampled: 50
Total candidates sampled: 50
New candidates : 50
Selected samples for update: 25
New candidates added to selected set: 25
Total selected lambdas after addition: 65
No pruning needed
[Iteration 1] Improvement: error 0.44494750 < best error 0.44494750
Actual error: 0.44494750

--- Iteration 2/15 | Colony: 2 ---

--- Iteration 2/15 ---
 Selected lambdas: 65
 Current error: 0.44494750
Sampling candidates
Sampling candidates with scores: [0.00019972 0.00019972 0.00019972 ... 0.00019972 0.00019972 0.00019972]
Total candidates sampled: 50
Total candidates sampled: 50
New candidates : 25
Selected samples for update: 12
New candidates added to selected set: 12
Total selected lambdas after addition: 77
No pruning needed
[Iteration 2] Improvement: error 0.39015287 < best error 0.39015287
Actual error: 0.39015287

--- Iteration 3/15 | Colony: 2 ---

--- Iteration 3/15 ---
 Selected lambdas: 77
 Current error: 0.39015287
Sampling candidates
Sampling candidates with scores: [0.00019972 0.00019972 0.00019972 ... 0.00019972 0.00019972 0.00019972]
Total candidates sampled: 50
Total candidates sampled: 50
New candidates : 13
Selected samples for update: 6
New candidates added to selected set: 6
Total selected lambdas after addition: 83
No pruning needed
[Iteration 3] No improvement: error 0.45371484 >= best error 0.39015287
Actual error: 0.45371484

--- Iteration 4/15 | Colony: 2 ---

--- Iteration 4/15 ---
 Selected lambdas: 83
 Current error: 0.45371484
Sampling candidates
Sampling candidates with scores: [0.00019972 0.00019972 0.00019972 ... 0.00019972 0.00019972 0.00019972]
Total candidates sampled: 50
Total candidates sampled: 50
New candidates : 7
Selected samples for update: 3
New candidates added to selected set: 3
Total selected lambdas after addition: 86
No pruning needed
[Iteration 4] No improvement: error 0.41947289 >= best error 0.39015287
Actual error: 0.41947289

--- Iteration 5/15 | Colony: 2 ---

--- Iteration 5/15 ---
 Selected lambdas: 86
 Current error: 0.41947289
Sampling candidates
Sampling candidates with scores: [0.00019972 0.00019972 0.00019972 ... 0.00019972 0.00019972 0.00019972]
Total candidates sampled: 50
Total candidates sampled: 50
New candidates : 4
Selected samples for update: 2
New candidates added to selected set: 2
Total selected lambdas after addition: 88
No pruning needed
[Iteration 5] No improvement: error 0.39736821 >= best error 0.39015287
Actual error: 0.39736821

--- Iteration 6/15 | Colony: 2 ---

--- Iteration 6/15 ---
 Selected lambdas: 88
 Current error: 0.39736821
Sampling candidates
Sampling candidates with scores: [0.00019972 0.00019972 0.00019972 ... 0.00019972 0.00019972 0.00019972]
Total candidates sampled: 50
Total candidates sampled: 50
New candidates : 2
Selected samples for update: 1
New candidates added to selected set: 1
Total selected lambdas after addition: 89
No pruning needed
[Iteration 6] Improvement: error 0.38710108 < best error 0.38710108
Actual error: 0.38710108

--- Iteration 7/15 | Colony: 2 ---

--- Iteration 7/15 ---
 Selected lambdas: 89
 Current error: 0.38710108
Sampling candidates
Sampling candidates with scores: [0.00019972 0.00019972 0.00019972 ... 0.00019972 0.00019972 0.00019972]
Total candidates sampled: 50
Total candidates sampled: 50
New candidates : 1
Selected samples for update: 1
New candidates added to selected set: 1
Total selected lambdas after addition: 90
No pruning needed
[Iteration 7] Improvement: error 0.37739826 < best error 0.37739826
Actual error: 0.37739826

--- Iteration 8/15 | Colony: 2 ---

--- Iteration 8/15 ---
 Selected lambdas: 90
 Current error: 0.37739826
Sampling candidates
Sampling candidates with scores: [0.00019972 0.00019972 0.00019972 ... 0.00019972 0.00019972 0.00019972]
Total candidates sampled: 50
Total candidates sampled: 50
New candidates : 0
Selected samples for update: 0
New candidates added to selected set: 0
Total selected lambdas after addition: 90
No pruning needed
[Iteration 8] No improvement: error 0.37739826 >= best error 0.37739826
Actual error: 0.37739826

--- Iteration 9/15 | Colony: 2 ---

--- Iteration 9/15 ---
 Selected lambdas: 90
 Current error: 0.37739826
Sampling candidates
Sampling candidates with scores: [0.00019972 0.00019972 0.00019972 ... 0.00019972 0.00019972 0.00019972]
Total candidates sampled: 50
Total candidates sampled: 50
New candidates : 0
Selected samples for update: 0
New candidates added to selected set: 0
Total selected lambdas after addition: 90
No pruning needed
[Iteration 9] No improvement: error 0.37739826 >= best error 0.37739826
Actual error: 0.37739826

--- Iteration 10/15 | Colony: 2 ---

--- Iteration 10/15 ---
 Selected lambdas: 90
 Current error: 0.37739826
Sampling candidates
Sampling candidates with scores: [0.00019972 0.00019972 0.00019972 ... 0.00019972 0.00019972 0.00019972]
Total candidates sampled: 50
Total candidates sampled: 50
New candidates : 0
Selected samples for update: 0
New candidates added to selected set: 0
Total selected lambdas after addition: 90
No pruning needed
[Iteration 10] No improvement: error 0.37739826 >= best error 0.37739826
Actual error: 0.37739826

--- Iteration 11/15 | Colony: 2 ---

--- Iteration 11/15 ---
 Selected lambdas: 90
 Current error: 0.37739826
Sampling candidates
Sampling candidates with scores: [0.00019972 0.00019972 0.00019972 ... 0.00019972 0.00019972 0.00019972]
Total candidates sampled: 50
Total candidates sampled: 50
New candidates : 0
Selected samples for update: 0
New candidates added to selected set: 0
Total selected lambdas after addition: 90
No pruning needed
[Iteration 11] No improvement: error 0.37739826 >= best error 0.37739826
Actual error: 0.37739826

--- Iteration 12/15 | Colony: 2 ---

--- Iteration 12/15 ---
 Selected lambdas: 90
 Current error: 0.37739826
Sampling candidates
Sampling candidates with scores: [0.00019972 0.00019972 0.00019972 ... 0.00019972 0.00019972 0.00019972]
Total candidates sampled: 50
Total candidates sampled: 50
New candidates : 0
Selected samples for update: 0
New candidates added to selected set: 0
Total selected lambdas after addition: 90
No pruning needed
[Iteration 12] No improvement: error 0.37739826 >= best error 0.37739826
Actual error: 0.37739826

--- Iteration 13/15 | Colony: 2 ---

--- Iteration 13/15 ---
 Selected lambdas: 90
 Current error: 0.37739826
Sampling candidates
Sampling candidates with scores: [0.00019972 0.00019972 0.00019972 ... 0.00019972 0.00019972 0.00019972]
Total candidates sampled: 50
Total candidates sampled: 50
New candidates : 0
Selected samples for update: 0
New candidates added to selected set: 0
Total selected lambdas after addition: 90
No pruning needed
[Iteration 13] No improvement: error 0.37739826 >= best error 0.37739826
Actual error: 0.37739826

--- Iteration 14/15 | Colony: 2 ---

--- Iteration 14/15 ---
 Selected lambdas: 90
 Current error: 0.37739826
Sampling candidates
Sampling candidates with scores: [0.00019972 0.00019972 0.00019972 ... 0.00019972 0.00019972 0.00019972]
Total candidates sampled: 50
Total candidates sampled: 50
New candidates : 0
Selected samples for update: 0
New candidates added to selected set: 0
Total selected lambdas after addition: 90
No pruning needed
[Iteration 14] No improvement: error 0.37739826 >= best error 0.37739826
Actual error: 0.37739826

--- Iteration 15/15 | Colony: 2 ---

--- Iteration 15/15 ---
 Selected lambdas: 90
 Current error: 0.37739826
Sampling candidates
Sampling candidates with scores: [0.00019972 0.00019972 0.00019972 ... 0.00019972 0.00019972 0.00019972]
Total candidates sampled: 50
Total candidates sampled: 50
New candidates : 49
Selected samples for update: 24
New candidates added to selected set: 24
Total selected lambdas after addition: 64
No pruning needed
[Iteration 1] Improvement: error 0.33480846 < best error 0.33480846
Actual error: 0.33480846

--- Iteration 2/15 | Colony: 1 ---

--- Iteration 2/15 ---
 Selected lambdas: 64
 Current error: 0.33480846
Sampling candidates
Sampling candidates with scores: [0.00019972 0.00019972 0.00019972 ... 0.00019972 0.00019972 0.00019972]
Total candidates sampled: 50
Total candidates sampled: 50
New candidates : 25
Selected samples for update: 12
New candidates added to selected set: 12
Total selected lambdas after addition: 76
No pruning needed
[Iteration 2] Improvement: error 0.29287664 < best error 0.29287664
Actual error: 0.29287664

--- Iteration 3/15 | Colony: 1 ---

--- Iteration 3/15 ---
 Selected lambdas: 76
 Current error: 0.29287664
Sampling candidates
Sampling candidates with scores: [0.00019972 0.00019972 0.00019972 ... 0.00019972 0.00019972 0.00019972]
Total candidates sampled: 50
Total candidates sampled: 50
New candidates : 13
Selected samples for update: 6
New candidates added to selected set: 6
Total selected lambdas after addition: 82
No pruning needed
[Iteration 3] No improvement: error 0.35011563 >= best error 0.29287664
Actual error: 0.35011563

--- Iteration 4/15 | Colony: 1 ---

--- Iteration 4/15 ---
 Selected lambdas: 82
 Current error: 0.35011563
Sampling candidates
Sampling candidates with scores: [0.00019972 0.00019972 0.00019972 ... 0.00019972 0.00019972 0.00019972]
Total candidates sampled: 50
Total candidates sampled: 50
New candidates : 7
Selected samples for update: 3
New candidates added to selected set: 3
Total selected lambdas after addition: 85
No pruning needed
[Iteration 4] No improvement: error 0.37779782 >= best error 0.29287664
Actual error: 0.37779782

--- Iteration 5/15 | Colony: 1 ---

--- Iteration 5/15 ---
 Selected lambdas: 85
 Current error: 0.37779782
Sampling candidates
Sampling candidates with scores: [0.00019972 0.00019972 0.00019972 ... 0.00019972 0.00019972 0.00019972]
Total candidates sampled: 50
Total candidates sampled: 50
New candidates : 4
Selected samples for update: 2
New candidates added to selected set: 2
Total selected lambdas after addition: 87
No pruning needed
[Iteration 5] No improvement: error 0.39610963 >= best error 0.29287664
Actual error: 0.39610963

--- Iteration 6/15 | Colony: 1 ---

--- Iteration 6/15 ---
 Selected lambdas: 87
 Current error: 0.39610963
Sampling candidates
Sampling candidates with scores: [0.00019972 0.00019972 0.00019972 ... 0.00019972 0.00019972 0.00019972]
Total candidates sampled: 50
Total candidates sampled: 50
New candidates : 2
Selected samples for update: 1
New candidates added to selected set: 1
Total selected lambdas after addition: 88
No pruning needed
[Iteration 6] No improvement: error 0.40510781 >= best error 0.29287664
Actual error: 0.40510781

--- Iteration 7/15 | Colony: 1 ---

--- Iteration 7/15 ---
 Selected lambdas: 88
 Current error: 0.40510781
Sampling candidates
Sampling candidates with scores: [0.00019972 0.00019972 0.00019972 ... 0.00019972 0.00019972 0.00019972]
Total candidates sampled: 50
Total candidates sampled: 50
New candidates : 1
Selected samples for update: 1
New candidates added to selected set: 1
Total selected lambdas after addition: 89
No pruning needed
[Iteration 7] No improvement: error 0.41396478 >= best error 0.29287664
Actual error: 0.41396478

--- Iteration 8/15 | Colony: 1 ---

--- Iteration 8/15 ---
 Selected lambdas: 89
 Current error: 0.41396478
Sampling candidates
Sampling candidates with scores: [0.00019972 0.00019972 0.00019972 ... 0.00019972 0.00019972 0.00019972]
Total candidates sampled: 50
Total candidates sampled: 50
New candidates : 0
Selected samples for update: 0
New candidates added to selected set: 0
Total selected lambdas after addition: 89
No pruning needed
[Iteration 8] No improvement: error 0.41396478 >= best error 0.29287664
Actual error: 0.41396478

--- Iteration 9/15 | Colony: 1 ---

--- Iteration 9/15 ---
 Selected lambdas: 89
 Current error: 0.41396478
Sampling candidates
Sampling candidates with scores: [0.00019972 0.00019972 0.00019972 ... 0.00019972 0.00019972 0.00019972]
Total candidates sampled: 50
Total candidates sampled: 50
New candidates : 0
Selected samples for update: 0
New candidates added to selected set: 0
Total selected lambdas after addition: 89
No pruning needed
[Iteration 9] No improvement: error 0.41396478 >= best error 0.29287664
Actual error: 0.41396478

--- Iteration 10/15 | Colony: 1 ---

--- Iteration 10/15 ---
 Selected lambdas: 89
 Current error: 0.41396478
Sampling candidates
Sampling candidates with scores: [0.00019972 0.00019972 0.00019972 ... 0.00019972 0.00019972 0.00019972]
Total candidates sampled: 50
Total candidates sampled: 50
New candidates : 0
Selected samples for update: 0
New candidates added to selected set: 0
Total selected lambdas after addition: 89
No pruning needed
[Iteration 10] No improvement: error 0.41396478 >= best error 0.29287664
Actual error: 0.41396478

--- Iteration 11/15 | Colony: 1 ---

--- Iteration 11/15 ---
 Selected lambdas: 89
 Current error: 0.41396478
Sampling candidates
Sampling candidates with scores: [0.00019972 0.00019972 0.00019972 ... 0.00019972 0.00019972 0.00019972]
Total candidates sampled: 50
Total candidates sampled: 50
New candidates : 0
Selected samples for update: 0
New candidates added to selected set: 0
Total selected lambdas after addition: 89
No pruning needed
[Iteration 11] No improvement: error 0.41396478 >= best error 0.29287664
Actual error: 0.41396478

--- Iteration 12/15 | Colony: 1 ---

--- Iteration 12/15 ---
 Selected lambdas: 89
 Current error: 0.41396478
Sampling candidates
Sampling candidates with scores: [1.10450357e-04 3.99324666e-04 7.67619923e-05 ... 9.23951272e-05
 3.98978274e-04 3.99312657e-04]
Total candidates sampled: 50
Total candidates sampled: 50
New candidates : 0
Selected samples for update: 0
New candidates added to selected set: 0
Total selected lambdas after addition: 89
No pruning needed
[Iteration 15] No improvement: error 0.16342009 >= best error 0.16342009
Actual error: 0.16342009
STOP: raggiunto il numero massimo di iterazioni (15)
Sampling candidates
Sampling candidates with scores: [0.00019972 0.00019972 0.00019972 ... 0.00019972 0.00019972 0.00019972]
Total candidates sampled: 50
Total candidates sampled: 50
New candidates : 0
Selected samples for update: 0
New candidates added to selected set: 0
Total selected lambdas after addition: 90
No pruning needed
[Iteration 11] No improvement: error 0.87088763 >= best error 0.76786607
Actual error: 0.87088763
STOP: nessun miglioramento per 10 iterazioni consecutive.
Sampling candidates
Sampling candidates with scores: [0.00019972 0.00019972 0.00019972 ... 0.00019972 0.00019972 0.00019972]
Total candidates sampled: 50
Total candidates sampled: 50
New candidates : 0
Selected samples for update: 0
New candidates added to selected set: 0
Total selected lambdas after addition: 90
No pruning needed
[Iteration 15] No improvement: error 0.37739826 >= best error 0.37739826
Actual error: 0.37739826
STOP: raggiunto il numero massimo di iterazioni (15)
Sampling candidates
Sampling candidates with scores: [0.00019972 0.00019972 0.00019972 ... 0.00019972 0.00019972 0.00019972]
Total candidates sampled: 50
Total candidates sampled: 50
New candidates : 0
Selected samples for update: 0
New candidates added to selected set: 0
Total selected lambdas after addition: 89
No pruning needed
[Iteration 12] No improvement: error 0.41396478 >= best error 0.29287664
Actual error: 0.41396478
STOP: nessun miglioramento per 10 iterazioni consecutive.
Total unique lambdas selected: 257
Final error (union): 0.0786

 C_ref matrix (Ground Truth):
[[0.4159 0.4206 0.3947]
 [0.4206 0.4468 0.421 ]
 [0.3947 0.421  0.4238]]

C_e_final matrix (Empirical):
[[0.4027 0.3786 0.4111]
 [0.3786 0.4111 0.4165]
 [0.4111 0.4165 0.4489]]

--- Final Results ---
Lambdas selected from all colonies: 257
Final error (unione): 0.0786

 C_ref matrix:
[[0.4159483  0.42056979 0.39467757]
 [0.42056979 0.44680905 0.42096067]
 [0.39467757 0.42096067 0.42378018]]

 C_e_union matrix:
[[0.40265676 0.37858098 0.41106016]
 [0.37858098 0.41112949 0.41653991]
 [0.41106016 0.41653991 0.44890903]]
Norma Frobenius  C_e_union: 0.07863293855131426
Shape C_e_union: (3, 3)
Mean of C_e_final elements: 0.408340
Variance of C_e_final elements: 0.000401
Mean of C_ref elements: 0.417662
Variance of C_ref elements: 0.000221

--- Colony Results ---
Colony 0:
  Selected lambdas: 89
  Best configuration: [(0.7033700463529708, 0.0629251563072192, 0.23370479733980995), (0.4498728167751602, 0.4340005177672901, 0.11612666545754968), (0.2128766548666966, 0.4663482745621611, 0.3207750705711423), (0.0875076393744525, 0.0821529872141663, 0.8303393734113812), (0.3504577765996394, 0.153742565403321, 0.4957996579970396), (0.1756265015267998, 0.7524733612364003, 0.07190013723679989), (0.2123478129389847, 0.4863720969536713, 0.3012800901073441), (0.270227714970603, 0.6973818120340043, 0.03239047299539277), (0.1282779439366906, 0.703534796279653, 0.16818725978365645), (0.3589173634720325, 0.4530158898905969, 0.1880667466373706), (0.398208578486125, 0.3842144068993311, 0.21757701461454387), (0.0885399285093245, 0.2461921666695393, 0.6652679048211363), (0.3376659540378022, 0.5562349921820154, 0.10609905378018236), (0.7131009184312989, 0.2578592867460835, 0.02903979482261765), (0.7143827475288915, 0.2317986521675125, 0.053818600303595976), (0.3361615145013604, 0.3497287960562455, 0.31410968944239415), (0.0583414952488566, 0.6478045553166807, 0.29385394943446275), (0.4707915215437975, 0.3961382062050015, 0.13307027225120105), (0.2257124108159499, 0.4886599091368981, 0.28562768004715205), (0.3852861861710375, 0.0765051789366063, 0.5382086348923563), (0.1397511571209532, 0.8257872973867344, 0.034461545492312395), (0.2953659014037612, 0.1097709108495907, 0.5948631877466481), (0.3495893178084477, 0.3980162285376778, 0.2523944536538745), (0.1812785389768909, 0.668517849759619, 0.15020361126349002), (0.3966058706668912, 0.423735965847672, 0.1796581634854369), (0.7608217842245948, 0.1827400136725481, 0.056438202102857105), (0.5820654306067587, 0.342708128755455, 0.07522644063778627), (0.4133019887610096, 0.5131815015856526, 0.07351650965333778), (0.434240211945468, 0.4337422673665437, 0.13201752068798828), (0.2286674687608507, 0.7334714516933571, 0.0378610795457921), (0.2370556332872038, 0.7160367292258859, 0.04690763748691029), (0.3144979007981702, 0.3832617312475779, 0.3022403679542519), (0.1174725996559431, 0.6518262280511622, 0.23070117229289466), (0.0475709156926901, 0.139030642930153, 0.8133984413771569), (0.2043201428874472, 0.3943298683610497, 0.401349988751503), (0.1265708935381358, 0.7488560253438794, 0.12457308111798482), (0.1840805621443369, 0.6921216996665349, 0.1237977381891282), (0.1003677851939418, 0.4718185031270442, 0.42781371167901405), (0.4549683413903879, 0.360020719315738, 0.18501093929387413), (0.0962507070783132, 0.131683556355585, 0.7720657365661018), (0.3744329999581242, 0.2888171980170768, 0.33674980202479904), (0.8040128429996896, 0.1359413584818143, 0.060045798518496146), (0.5304298846198375, 0.0658589633771779, 0.4037111520029846), (0.1591289431849795, 0.4866487653837463, 0.3542222914312742), (0.0910783898859995, 0.4275974970322745, 0.481324113081726), (0.0677142432941889, 0.7904794956935131, 0.1418062610122981), (0.8576024024262727, 0.0102719658897782, 0.13212563168394909), (0.2089216508796913, 0.6367470659138739, 0.15433128320643485), (0.2508940143142831, 0.2305007812553429, 0.5186052044303741), (0.2044076898728545, 0.496355225016967, 0.2992370851101785), (0.3146120755461987, 0.2021328544218092, 0.4832550700319921), (0.6021170392927592, 0.1355418196346885, 0.26234114107255235), (0.6462384993316769, 0.3269284024535234, 0.026833098214799733), (0.0954669142768924, 0.6742598774925281, 0.2302732082305795), (0.8597194809069636, 0.0330668475268967, 0.1072136715661397), (0.2007838878622293, 0.6762391688816931, 0.12297694325607755), (0.3215520187177805, 0.0366196619208343, 0.6418283193613852), (0.4298483858461354, 0.5237043197746591, 0.04644729437920547), (0.5442861245351395, 0.1524953620533755, 0.30321851341148504), (0.7656774876286688, 0.0203715916460531, 0.21395092072527808), (0.1292209336876659, 0.7565762794957768, 0.11420278681655727), (0.0590836671499973, 0.8427372979834236, 0.0981790348665792), (0.3202372940235471, 0.6642864281565203, 0.015476277819932549), (0.6163109248950248, 0.0733688921213389, 0.3103201829836363), (0.0462672898531626, 0.4438809822504379, 0.5098517278963994), (0.3886056664224497, 0.5993797997845379, 0.012014533793012316), (0.2521400178154657, 0.5393980923615712, 0.2084618898229631), (0.3033619996024138, 0.1537402150592463, 0.54289778533834), (0.1618696126459377, 0.3018915219610421, 0.5362388653930202), (0.6205226405947172, 0.1305036401812807, 0.24897371922400213), (0.3220802474564577, 0.6602087827122635, 0.017710969831278844), (0.6427353839671588, 0.2909006344617222, 0.066363981571119), (0.4052579461495895, 0.2473316966570914, 0.34741035719331903), (0.161752660178664, 0.8308550157660862, 0.00739232405524981), (0.1510682713418657, 0.5707289997688472, 0.2782027288892871), (0.2086492846375338, 0.0023797180249652, 0.788970997337501), (0.2293154182439868, 0.0518536426285806, 0.7188309391274326), (0.6212607374484335, 0.3488850951348043, 0.029854167416762223), (0.3661674407858865, 0.4185083870170862, 0.21532417219702732), (0.0296134851143971, 0.4293461041126757, 0.5410404107729272), (0.4052860467733482, 0.4963810291312472, 0.09833292409540467), (0.0528774900934884, 0.4923583607853087, 0.4547641491212029), (0.527102477402772, 0.3352613534407832, 0.13763616915644472), (0.3425141889527669, 0.0683335354074471, 0.5891522756397859), (0.3208277228212405, 0.3781243695460851, 0.3010479076326744), (0.0047169107131422, 0.9488573849539764, 0.0464257043328814), (0.5091031485306984, 0.383891274406419, 0.1070055770628826), (0.0155730179146756, 0.4813030029191951, 0.5031239791661293), (0.4415746566980247, 0.5085469943862453, 0.04987834891572995)]
  Best error: 0.1634
  Selection criterion: heuristic
Colony 1:
  Selected lambdas: 89
